992Д20607

992Д23369

000012474

992Д16804

000008170

000007291

992Д17263

000003360

992Д25307

992Д30247

992Д29251

000011009

992Д15519

992Д25191

992Д22307

000011251

000012865

000011607

992Д23118

000006229

000011776

000011245

000011021

000011777

992Д20260

00000091011

00000091012

00000091013

00000091014

00000091015

00000091016

00000091017

00000091018

00000091639

00000091642

00000091643

00000091647

00000091648

00000091649

00000091650

00000091815

00000092171

00000092479

00000092850

00000092852

00000092856

00-00132728

00000123982

00000124032

00000124334

00000124335

00000124336

00000124337

00000124537

00000124547

00000124675

00000124676

00000124732

00000125457

00000125924

00000126907

00000127168

00000127171

00000127172

00000127518

00000127807

00-00140442

00-00140467

00-00140676

00000129430

00000119016

00000119147

00000119953

00000120203

00000120204

00000120205

00000120206

00000120326

00000120327

00000120328

00000120448

00000120445

00000120704

00000120742

00000120993

00000122012

00000122360

00000122918

00000122972

00000122973

00000122975

00000123056

00-00130723

00-00130724

00-00131044

00-00131559

00000096106

00000096107

00000096140

00000096193

00000096746

00000099572

00000099574

00000099575

00000099576

00000099577

00000099578

00000099581

00000099585

00000099586

00000099809

00000099811

00000099814

00000099819

00000100325

00000100761

00000101157

00000101159

00000101160

00000101161

00000101162

00000101163

00000101167

00000101168

00000101169

00000101170

00000101171

00000101172

00000101442

00000101577

00000101611

00000101612

00000101615

00000101616

00000101620

00000101675

00000101683

00000101684

00000101699

00000101702

00000102077

00000102380

00000102403

00000102404

00000102405

00000102518

00000102520

00000102521

00000102523

00000102525

00000102526

00000102527

00000102727

00000102904

00000103568

00000103715

00000105229

00000105569

00000105646

00000105647

00000105730

00000105737

00000105777

00000105995

00000105997

00000105998

00000105999

00000107415

00000107422

00000107577

00000108127

00000108128

00000108152

00000108161

00000108162

00000108163

00000108164

00000108166

00000108167

00000108171

00000108231

00000108225

00000108623

00000109864

00000109866

00000109867

00000109977

00000109978

00000109979

00000110809

00000110812

00000110813

00000110924

00000111169

00000111848

00000112846

00000112853

00000114456

00000114538

00000114622

00000114623

00000114624

00000114777

00000115517

00000115520

00000115521

00000115594

00000115625

00000115629

00000115630

00000115632

00000115633

00000115635

00000115718

00000115770

00000115782

00000115958

00000116014

00000116021

00000116023

00000116164

00000116168

00000116253

00000116255

00000116259

00000116332

00000116685

00000116688

00000116689

00000116690

00000116692

00000116693

00000116858

00000116884

00000116885

00000116887

00000117172

00000117173

00000117755

00000117756

00000117757

00000117758

00000117759

00-00136638

00000085176

00000085270

00000085271

00000085272

00000085273

00000085841

00000085937

00000085938

00000085939

00000085941

00000085943

00000085944

00000085945

00000085946

00000086476

00000086544

00000086545

00000086546

00000086547

00000086548

00000086552

00000086554

00000086556

00000086673

00000086955

00000086958

00000087029

00000087169

00000087170

00000087172

00000088429

00000088431

00000088435

00000088436

00000088831

00000089152

00000090152

00000090153

00000090154

00000090155

00000090277

00000090314

00000090316

00000090494

00000090496

00000090742

00000090744

00000090912

00000130040

00-00130327

00-00130328

00-00130329

00000092934

00000092935

00000092938

00000092939

00000093280

00000093282

00000093284

00000093285

00000093286

00000093531

00000094312

00000094374

00000094465

00000094950

00000095003

00000095132

00-00134768

00-00135180

00-00135182

00-00135183

00-00135184

00000118494

00000016903

00000018131

00000008462

00000018105

00000016188

00000016445

00000016526

00000016609

00000014511

00000001087

00000016146

00000016145

00000016082

00000016081

00000015513

00000015504

00000015889

00000015527

00000016349

00000016882

00000016828

00000016149

00000016150

00000016706

00000016897

00000016710

00000015688

00000016370

00000016527

00000014355

00000016429

00000000001

00000016830

00000016100

00000016101

00000016183

00000001036

00000014528

00000014525

00000016124

00000015890

00000016119

00000016884

00000016141

00000016831

00000016203

00000016207

00000016431

00000016432

00000016364

00000016365

00000016851

00000016702

00000016705

00000016699

00000016689

00000016700

00000016602

00000016629

00000016122

00000015480

00000014142

00000014232

00000016698

00000016776

00000016943

00000016189

00000016611

00000016324

00000016712

00000016715

00000016711

00000016152

00000015798

00000014506

00000014541

00000015891

00000016147

00000016078

00000080581

00000080579

00000080580

00000014532

00000014534

00000014535

00000015503

00000014944

00000014945

00000016144

00000016143

00000016756

00000016316

00000016318

00000016441

00000016570

00000016670

00000016672

00000016673

00000016976

00000001056

00000016907

00000016906

00000016620

00000000031

00000016436

00000000037

00000016555

00000001081

00000018230

00000017018

00000016813

00000016368

00000018225

00000018216

00000018113

00000018092

00000000155

00000000166

00000000165

00000000164

00000000180

00000000179

00000000109

00000000167

00000000168

00000000183

00000018037

00000018253

00000083399

00000083681
